代码	名称	涨幅%	现价	涨跌	买价	卖价	总量	现量	涨速%	换手%	今开	最高	最低	昨收	市盈(动)	总金额	量比	细分行业	地区	振幅%	均价	内盘	外盘	内外比	买量	卖量	未匹配量	开盘金额	
000651	格力电器	0.79	52.61	0.41	52.60	52.61	96289	259	0.69	          0.16	51.55	52.71	51.55	52.20	    10.73	501908224	  1.28	家用电器	广东	2.22	52.13	44092	52197	  0.84	355	2	--  	19451200	
601988	中国银行	0.57	3.50	0.02	3.49	3.50	181974	7	0.00	          0.01	3.49	3.51	3.48	3.48	     5.50	63681048	  1.39	银行	北京	0.86	3.50	58198	123776	  0.47	76734	72585	--  	3463100	
601390	中国中铁	1.30	5.45	0.07	5.45	5.46	392796	65	-0.17	          0.21	5.38	5.50	5.36	5.38	     5.66	214269472	  2.21	建筑工程	北京	2.60	5.45	155057	237739	  0.65	1723	6917	--  	3986600	
002060	粤 水 电	-1.29	3.06	-0.04	3.06	3.07	107756	60	-0.32	          0.90	3.08	3.11	3.04	3.10	    23.37	33056640	  1.51	建筑工程	广东	2.26	3.07	70951	36805	  1.93	1865	1532	--  	1005900	
600016	民生银行	0.35	5.73	0.02	5.73	5.74	193503	100	-0.16	          0.05	5.70	5.75	5.70	5.71	     4.66	110900320	  1.24	银行	北京	0.88	5.73	72152	121351	  0.59	1486	22458	--  	4764900	
601628	中国人寿	0.65	26.51	0.17	26.49	26.51	22259	3	0.04	          0.01	26.10	26.63	26.10	26.34	    12.86	58797996	  0.86	保险	北京	2.01	26.42	10906	11353	  0.96	100	7	--  	1233600	
601928	凤凰传媒	0.61	6.55	0.04	6.54	6.55	11200	10	0.00	          0.04	6.50	6.55	6.46	6.51	    10.98	7293956	  1.38	出版业	江苏	1.38	6.51	3231	7969	  0.41	329	209	--  	27300	
002183	怡 亚 通	0.52	3.87	0.02	3.87	3.88	47949	40	-0.25	          0.23	3.85	3.90	3.81	3.85	    86.68	18496298	  1.01	仓储物流	深圳	2.34	3.86	25172	22777	  1.11	215	801	--  	323800	
600415	小商品城	0.91	3.34	0.03	3.34	3.35	30615	65	-0.29	          0.06	3.33	3.36	3.30	3.31	    13.34	10232162	  1.63	商品城	浙江	1.81	3.34	8025	22590	  0.36	946	1954	--  	64900	
600887	伊利股份	-1.31	29.47	-0.39	29.47	29.48	198327	81	0.07	          0.34	29.49	29.86	29.30	29.86	    23.81	585357184	  2.25	乳制品	内蒙	1.88	29.51	103051	95276	  1.08	12	526	--  	23931102	
600383	金地集团	-0.14	14.07	-0.02	14.07	14.08	57802	2	0.07	          0.13	13.87	14.21	13.87	14.09	     8.78	81266576	  1.02	全国地产	深圳	2.41	14.06	27400	30402	  0.90	22	339	--  	2117800	
600048	保利地产	0.67	14.97	0.10	14.96	14.97	213809	4	-0.19	          0.18	14.90	15.11	14.79	14.87	    10.44	320170656	  1.72	全国地产	广东	2.15	14.97	93774	120035	  0.78	44	7	--  	7208200	
000027	深圳能源	0.56	5.41	0.03	5.41	5.42	12378	5	0.00	          0.03	5.38	5.42	5.37	5.38	     9.39	6684517	  1.26	火力发电	深圳	0.93	5.40	3050	9328	  0.33	55	431	--  	32300	
600580	卧龙电驱	4.75	10.81	0.49	10.79	10.81	129440	25	0.46	          1.00	10.46	10.89	10.41	10.32	    13.01	138059936	  3.82	电气设备	浙江	4.65	10.67	60087	69353	  0.87	23	269	--  	2806400	
000776	广发证券	1.02	13.82	0.14	13.81	13.82	48283	25	0.00	          0.08	13.68	13.84	13.65	13.68	    13.97	66544596	  1.19	证券	广东	1.39	13.78	20083	28200	  0.71	227	210	--  	2474700	
601668	中国建筑	0.19	5.28	0.01	5.28	5.29	275964	23	-0.18	          0.07	5.24	5.33	5.24	5.27	     5.54	146225136	  0.92	建筑工程	北京	1.71	5.30	105489	170475	  0.62	7030	4179	--  	4205600	
600737	中粮糖业	-3.83	8.79	-0.35	8.78	8.79	211092	30	0.69	          1.03	9.01	9.02	8.67	9.14	    23.93	186825632	  3.40	食品	新疆	3.83	8.85	118122	92970	  1.27	80	152	--  	5766400	
002340	格林美	3.01	4.79	0.14	4.79	4.80	342374	102	0.00	          0.83	4.70	4.82	4.66	4.65	    24.70	163390112	  3.06	小金属	深圳	3.44	4.77	145037	197337	  0.73	8	10321	--  	2529800	
002246	北化股份	-0.67	7.36	-0.05	7.35	7.36	12858	2	0.14	          0.29	7.37	7.41	7.31	7.41	    28.02	9443108	  1.14	化工原料	四川	1.35	7.34	9382	3476	  2.70	241	333	--  	91400	
000001	平安银行	1.17	12.95	0.15	12.95	12.96	175925	539	0.08	          0.09	12.86	13.06	12.82	12.80	     8.91	228334800	  1.31	银行	深圳	1.87	12.98	89496	86429	  1.04	163	1	--  	5793600	
600063	皖维高新	0.54	3.73	0.02	3.73	3.74	34179	48	0.00	          0.18	3.72	3.74	3.70	3.71	    17.89	12717773	  1.11	化纤	安徽	1.08	3.72	15237	18942	  0.80	38	1959	--  	119000	
601918	新集能源	0.37	2.73	0.01	2.73	2.74	32512	3	-0.35	          0.13	2.73	2.75	2.72	2.72	     2.74	8889718	  1.73	煤炭开采	安徽	1.10	2.73	14407	18105	  0.80	963	2581	--  	18800	
000825	太钢不锈	0.31	3.25	0.01	3.25	3.26	40548	86	-0.30	          0.07	3.23	3.27	3.23	3.24	     7.52	13183175	  1.56	特种钢	山西	1.23	3.25	13762	26786	  0.51	22	6317	--  	848500	
600050	中国联通	0.19	5.23	0.01	5.23	5.24	112578	115	-0.37	          0.05	5.20	5.26	5.19	5.22	    32.57	58907568	  0.77	电信运营	北京	1.34	5.23	52348	60230	  0.87	4224	6715	--  	1366000	
000002	万 科Ａ	4.21	26.73	1.08	26.72	26.73	487176	73	-0.18	          0.50	26.45	26.96	26.25	25.65	     7.77	1297682688	  3.35	全国地产	深圳	2.77	26.64	228370	258806	  0.88	68	7	--  	62172500	
600192	长城电工	1.06	4.78	0.05	4.78	4.79	15668	193	0.00	          0.35	4.75	4.82	4.72	4.73	   161.78	7492653	  0.66	电气设备	甘肃	2.11	4.78	7027	8641	  0.81	107	133	--  	110700	
002594	比亚迪	-2.53	58.45	-1.52	58.45	58.46	151949	31	0.02	          1.33	59.90	60.66	58.18	59.97	    75.97	901187200	  3.05	汽车整车	深圳	4.14	59.31	69057	82892	  0.83	3	6	--  	32322000	
600584	长电科技	6.51	20.95	1.28	20.91	20.93	296763	658	0.92	          3.01	19.70	21.00	19.70	19.67	--  	607986688	  3.58	半导体	江苏	6.61	20.49	120900	175863	  0.69	50	10	--  	5074700	
163402	兴全趋势	0.13	0.754	0.001	0.753	0.754	174081	300	0.13	          1.15	0.752	0.755	0.750	0.753	--  	13101757	  1.69			0.66	0.753	91436	82645	  1.11	3155	20786	--  	--  	
600030	中信证券	0.68	22.31	0.15	22.31	22.32	171730	91	-0.03	          0.17	22.09	22.37	22.05	22.16	    23.58	382186240	  1.19	证券	深圳	1.44	22.26	78419	93311	  0.84	169	467	--  	11511100	
002099	海翔药业	-0.33	6.13	-0.02	6.13	6.14	30882	4	-0.15	          0.19	6.17	6.17	6.07	6.15	    12.87	18908516	  1.21	化学制药	浙江	1.63	6.12	17679	13203	  1.34	1014	250	--  	248700	
002456	欧菲光	3.15	14.07	0.43	14.06	14.07	541582	179	0.14	          2.03	13.62	14.25	13.51	13.64	   158.56	755035712	  2.66	元器件	深圳	5.43	13.94	224935	316647	  0.71	30	374	--  	11330500	
603966	法兰泰克	1.16	9.63	0.11	9.62	9.63	3107	9	0.42	          0.15	9.45	9.65	9.45	9.52	    19.66	2971587	  1.11	机械基件	江苏	2.10	9.56	1183	1924	  0.61	15	21	--  	30200	
603811	诚意药业	-0.16	24.33	-0.04	24.31	24.33	4265	31	-0.07	          0.36	24.34	24.59	24.25	24.37	    21.95	10416146	  1.69	化学制药	浙江	1.40	24.42	2346	1919	  1.22	2	2	--  	56000	
600201	生物股份	0.09	21.34	0.02	21.32	21.34	29677	14	0.71	          0.26	21.42	21.42	21.09	21.32	   108.73	63015936	  1.29	生物制药	内蒙	1.55	21.23	14124	15553	  0.91	142	2	--  	863200	
000928	中钢国际	0.00	4.14	0.00	4.13	4.14	17369	80	-0.47	          0.14	4.11	4.16	4.11	4.14	    12.91	7190384	  0.92	建筑工程	吉林	1.21	4.14	9607	7762	  1.24	618	150	--  	163600	
300207	欣旺达	4.46	14.76	0.63	14.75	14.76	159773	44	0.61	          1.15	14.34	14.88	14.11	14.13	    34.60	232732112	  2.44	元器件	深圳	5.45	14.57	63336	96437	  0.66	30	47	--  	3232200	
000049	德赛电池	2.55	34.97	0.87	34.95	34.97	16816	1	0.14	          0.82	34.10	35.18	34.00	34.10	    16.03	58412676	  1.97	电气设备	深圳	3.46	34.74	7069	9747	  0.73	2	6	--  	204600	
600884	杉杉股份	5.06	10.79	0.52	10.78	10.79	85251	4	0.19	          0.76	10.45	10.85	10.37	10.27	    31.58	90811192	  4.60	综合类	浙江	4.67	10.65	40687	44564	  0.91	211	291	--  	2066000	
300073	当升科技	5.79	23.19	1.27	23.19	23.20	64460	2	0.00	          1.50	22.25	23.28	22.25	21.92	    34.58	147445536	  3.95	矿物制品	北京	4.70	22.87	28877	35583	  0.81	31	5	--  	2476400	
600741	华域汽车	1.35	21.83	0.29	21.82	21.83	69292	20	-0.26	          0.22	21.69	22.47	21.63	21.54	    10.48	152785008	  1.66	汽车配件	上海	3.90	22.05	36817	32475	  1.13	2	3	--  	2802300	
数据来源:通达信
